t,s    E,J/kg             KE,J/kg            PE,J/kg            Av.deviation       T,K               
0,10   1199,691780688490  7,443610978922     1192,248169709568  0,0000433901459080 0,004913529527962 
0,20   1199,691929303025  10,995569750216    1188,696359552809  0,0000629303577875 0,007258178429453 
0,30   1199,692000841922  4,865184886517     1194,826815955405  0,0000277803763809 0,003211509799019 
0,40   1199,692040768444  4,373096290701     1195,318944477743  0,0000250206829147 0,002886681989941 
0,50   1199,691880583365  9,492950231342     1190,198930352022  0,0000546265684005 0,006266298897303 
0,60   1199,691764727722  5,944305396392     1193,747459331330  0,0000347895379970 0,003923837526048 
0,70   1199,691630776560  4,175932000093     1195,515698776467  0,0000243910859250 0,002756533790833 
0,80   1199,691566543844  8,742183118467     1190,949383425377  0,0011229504120248 0,005770717332363 
0,90   1199,691484015648  11,031521187744    1188,659962827904  0,0000632667797351 0,007281909982642 
1,00   1199,691526789113  5,734562012571     1193,956964776542  0,0000325868173270 0,003785385864264 
AVDEVIATION 0,0000415659483356
1,10   1199,691551788712  4,391388508398     1195,300163280314  0,0000247190763860 0,002898756687563 
1,20   1199,691602449284  8,508400583981     1191,183201865303  0,0011093155465430 0,005616397421023 
1,30   1199,691609265071  8,196804167417     1191,494805097654  0,0000474339012103 0,005410712546044 
1,40   1199,691621763109  6,596113204246     1193,095508558863  0,0000374714209244 0,004354096028206 
1,50   1199,691598179269  9,858562619914     1189,833035559355  0,0000566554454088 0,006507639729343 
1,60   1199,691503536491  11,098049294436    1188,593454242054  0,0000634380572294 0,007325825203037 
1,70   1199,691573760975  5,414423207390     1194,277150553585  0,0000307250969285 0,003574062156354 
1,80   1199,691626608249  6,670476685561     1193,021149922689  0,0000383748372785 0,004403183381412 
1,90   1199,691580812505  11,105669667299    1188,585911145206  0,0000638023358510 0,007330855413130 
AVDEVIATION 0,0000456616493212
2,00   1199,691617517252  8,205123385379     1191,486494131873  0,0012163813105643 0,005416204063967 
2,10   1199,691608262514  9,412068764681     1190,279539497832  0,0000539711989964 0,006212909020289 
2,20   1199,691781336981  7,488940633826     1192,202840703155  0,0000422475720493 0,004943451644861 
2,30   1199,691785958040  5,971564594240     1193,720221363800  0,0000341098302435 0,003941831329581 
2,40   1199,691773260953  8,855253041886     1190,836520219067  0,0000504101793611 0,005845354817989 
2,50   1199,691742105487  7,516841135534     1192,174900969953  0,0000426781631075 0,004961868773238 
2,60   1199,691707695351  8,266188523587     1191,425519171763  0,0000464859308927 0,005456513177456 
2,70   1199,691936080056  4,884866408441     1194,807069671615  0,0000276019670701 0,003224501576720 
2,80   1199,691974992813  7,671523227894     1192,020451764920  0,0002970435524973 0,005063974462319 
AVDEVIATION 0,0000450732876131
2,90   1199,691920605465  8,524991661120     1191,166928944345  0,0000480543733871 0,005627349195324 
3,00   1199,691787859184  6,828059026999     1192,863728832185  0,0000389357910472 0,004507203525658 
3,10   1199,691803679044  6,007732010772     1193,684071668272  0,0000342599648831 0,003965705450566 
3,20   1199,691789552403  4,662861321879     1195,028928230524  0,0000260642421847 0,003077955961793 
3,30   1199,691891931220  5,336847650734     1194,355044280486  0,0008514529503064 0,003522854511388 
3,40   1199,691791557043  9,482981557419     1190,208809999623  0,0019475587211613 0,006259718573074 
3,50   1199,691706568255  9,508019476645     1190,183687091610  0,0000539722935453 0,006276246110016 
3,60   1199,691735654873  5,967120502850     1193,724615152022  0,0000340379508826 0,003938897783708 
3,70   1199,691639648848  6,059790874901     1193,631848773948  0,0000342334769291 0,004000069520212 
AVDEVIATION 0,0000437318787110
3,80   1199,691494787536  7,354974313136     1192,336520474400  0,0000423164946487 0,004855020442004 
3,90   1199,691423213488  11,777021298728    1187,914401914760  0,0023157027400361 0,007774014798274 
4,00   1199,691434175522  6,834099164751     1192,857335010772  0,0000388694888823 0,004511190622147 
4,10   1199,691409041820  4,995772283282     1194,695636758538  0,0000285702677908 0,003297710573321 
4,20   1199,691326826111  5,874173730254     1193,817153095856  0,0000330147837189 0,003877543595133 
4,30   1199,691315643633  5,147405858406     1194,543909785227  0,0000293594890373 0,003397803935388 
4,40   1199,691349084226  7,926628362575     1191,764720721651  0,0000454211403722 0,005232369427551 
4,50   1199,691464759617  12,036617710241    1187,654847049376  0,0000687686285911 0,007945374456501 
4,60   1199,691520675807  7,263638964627     1192,427881711180  0,0000415216216578 0,004794729954885 
AVDEVIATION 0,0000437453291244
4,70   1199,691565666570  7,269864718703     1192,421700947867  0,0000414090902475 0,004798839576757 
4,80   1199,691422930531  8,262358407046     1191,429064523486  0,0000470237355068 0,005453984916539 
4,90   1199,691329911311  5,734686385617     1193,956643525694  0,0000328395464353 0,003785467962944 
5,00   1199,691226725141  5,975497486194     1193,715729238947  0,0000347128835600 0,003944427432575 
5,10   1199,691419504954  10,638209719830    1189,053209785124  0,0000610086495922 0,007022284981181 
5,20   1199,691398542152  7,397384325846     1192,294014216306  0,0000416834460480 0,004883015302338 
5,30   1199,691447233117  4,782683111386     1194,908764121731  0,0000274005106037 0,003157050355966 
5,40   1199,691532560375  5,834881639741     1193,856650920634  0,0000335804884357 0,003851606876046 
5,50   1199,691559307115  9,710920317196     1189,980638989920  0,0000554465988135 0,006410181007221 
AVDEVIATION 0,0000434040255013
5,60   1199,691515242038  5,664241781887     1194,027273460150  0,0000320453007177 0,003738967461844 
5,70   1199,691490721777  8,310261293353     1191,381229428424  0,0016155940223037 0,005485605624151 
5,80   1199,691434034483  9,962990115217     1189,728443919266  0,0009985110942607 0,006576572345939 
5,90   1242,173792897293  17,677259786164    1224,496533111129  0,0000993854358400 0,011668763746348 
6,00   1242,173330355724  34,095487169812    1208,077843185912  0,0001943484569642 0,022506439878911 
6,10   1242,173689907395  29,202887290232    1212,970802617164  0,0005707769447248 0,019276833435897 
6,20   1242,173522829819  27,684083710066    1214,489439119754  0,0001578502850336 0,018274270800712 
6,30   1242,173414329838  42,517537262085    1199,655877067753  0,0002439194016191 0,028065837318076 
6,40   1242,173634111550  24,128924757857    1218,044709353693  0,0001381188149925 0,015927509458973 
AVDEVIATION 0,0000550800484147
6,50   1242,173349036805  30,740344005923    1211,433005030882  0,0001741975626654 0,020291709010655 
6,60   1242,173165422244  27,497467496852    1214,675697925393  0,0001552245939117 0,018151085390214 
6,70   1242,173211115306  17,902077170069    1224,271133945236  0,0001019834395254 0,011817165759477 
6,80   1242,173169311211  32,069593614089    1210,103575697121  0,0001836381576821 0,021169147020010 
6,90   1242,173366303771  29,561599316160    1212,611766987611  0,0049124689904794 0,019513619336775 
7,00   1242,173178882729  36,384032548225    1205,789146334505  0,0002048503678296 0,024017109273745 
7,10   1242,173307822100  26,490109935371    1215,683197886728  0,0001501334911477 0,017486128403939 
7,20   1242,173301532006  26,477528167839    1215,695773364167  0,0014838986275842 0,017477823175944 
7,30   1242,173274282804  35,559131314117    1206,614142968688  0,0003600780541458 0,023472591756250 
AVDEVIATION 0,0000690158180474
7,40   1242,173477798814  22,145366796967    1220,028111001846  0,0001265870296616 0,014618162337145 
7,50   1242,173603793084  23,678654864102    1218,494948928982  0,0001369662023917 0,015630286185916 
7,60   1242,173548142006  29,302090116897    1212,871458025109  0,0001659000289086 0,019342317247377 
7,70   1242,173664482908  29,531636601908    1212,642027880999  0,0001678577627079 0,019493840941366 
7,80   1242,173831620863  16,343320591686    1225,830511029177  0,0000918170264288 0,010788230139859 
7,90   1242,173756310341  35,159710480323    1207,014045830019  0,0002011549540564 0,023208933960795 
8,00   1242,173719891893  37,950392586454    1204,223327305439  0,0002164089786857 0,025051063939169 
8,10   1242,174017890685  24,130241495766    1218,043776394919  0,0001365743769559 0,015928378638007 
8,20   1242,173949589735  29,745902627729    1212,428046962007  0,0005381674079735 0,019635278000300 
AVDEVIATION 0,0000789028990232
8,30   1242,173756274567  32,270782210964    1209,902974063603  0,0001830696449307 0,021301951664722 
8,40   1242,173698429226  30,306998082013    1211,866700347213  0,0001728389282558 0,020005657254460 
8,50   1242,173870780548  23,943714286779    1218,230156493770  0,0001376244575248 0,015805251979222 
8,60   1242,173689256772  24,430713670348    1217,742975586423  0,0001397895277402 0,016126720397983 
8,70   1242,173695948575  21,374864846522    1220,798831102053  0,0001220915984530 0,014109553800834 
8,80   1242,173748062980  17,114626968618    1225,059121094363  0,0000973713878337 0,011297369678302 
8,90   1242,173967345239  17,868041209070    1224,305926136169  0,0012832047481701 0,011794698612838 
9,00   1242,173843250989  28,522825638961    1213,651017612028  0,0001631080485563 0,018827924564407 
9,10   1242,173875556929  37,205801526619    1204,968074030310  0,0002136351898907 0,024559559188435 
AVDEVIATION 0,0000858436968921
9,20   1242,174021815257  26,036574804915    1216,137447010342  0,0001474235940543 0,017186749747293 
9,30   1242,173924312622  30,236299429281    1211,937624883341  0,0019160361898379 0,019958989055548 
9,40   1242,173864373672  29,482771050417    1212,691093323256  0,0060176689822266 0,019461584778217 
9,50   1242,173965715981  22,950160226008    1219,223805489973  0,0001309333810361 0,015149406687327 
9,60   1242,174148933829  31,871462146174    1210,302686787655  0,0001815791708980 0,021038360386912 
9,70   1242,173946668503  32,276536685443    1209,897409983060  0,0001853038382552 0,021305750194811 
9,80   1242,173973778273  23,507702612256    1218,666271166017  0,0001342831278120 0,015517440560360 
9,90   1242,173869228770  26,502060178528    1215,671809050241  0,0001518013509428 0,017494016762530 
10,00  1242,173864477340  29,850277171009    1212,323587306331  0,0001703774835929 0,019704175663253 
AVDEVIATION 0,0000926267802634
10,10  1242,174015566574  27,796399059043    1214,377616507531  0,0001589390382861 0,018348410191554 
10,20  1242,174117354814  31,154099334804    1211,020018020010  0,0001771441210369 0,020564829010017 
10,30  1242,174118593795  26,762101066353    1215,412017527441  0,0001542894893382 0,017665669819685 
10,40  1242,173977100072  36,186681802661    1205,987295297410  0,0002065347387324 0,023886837995674 
10,50  1242,174025686919  29,859728407478    1212,314297279441  0,0001699431903679 0,019710414426885 
10,60  1242,174229347449  22,146282727965    1220,027946619484  0,0001285222947499 0,014618766943434 
10,70  1242,174160133809  26,902642693326    1215,271517440483  0,0001558833465859 0,017758441383916 
10,80  1242,174167577150  35,278875068257    1206,895292508893  0,0002005053405706 0,023287594536040 
10,90  1242,174202719859  30,848679211421    1211,325523508438  0,0001770586854595 0,020363221107760 
AVDEVIATION 0,0000990361945327
11,00  1242,174059286714  33,621729508992    1208,552329777722  0,0001931211951732 0,022193712324754 
11,10  1242,174076836135  33,159189041678    1209,014887794457  0,0001900136111868 0,021888389242924 
11,20  1242,174033534887  37,493340986806    1204,680692548081  0,0002141643893254 0,024749364060303 
11,30  1242,174167155123  28,711528879871    1213,462638275253  0,0001642657330564 0,018952487622425 
11,40  1242,174141431704  31,017320809529    1211,156820622175  0,0001775122811902 0,020474541470187 
11,50  1242,174181431801  24,946450558462    1217,227730873339  0,0001421947785661 0,016467158450910 
11,60  1242,174204699731  25,698268680661    1216,475936019071  0,0001479026124949 0,016963433787375 
11,70  1242,174110967925  31,063868269164    1211,110242698761  0,0003780448695851 0,020505267460304 
11,80  1242,174046743110  28,963929690535    1213,210117052574  0,0001658862179473 0,019119097462676 
AVDEVIATION 0,0001048371914131
11,90  1242,173923276870  37,600143960371    1204,573779316499  0,0071129009712502 0,024819864730713 
12,00  1242,173875910911  34,906148330875    1207,267727580037  0,0001996539375498 0,023041557520514 
12,10  1242,174144326042  23,267697142544    1218,906447183497  0,0001344986947611 0,015359012887871 
12,20  1242,173854108388  36,548719618743    1205,625134489645  0,0002076755404428 0,024125819251491 
12,30  1242,173918689144  26,191950879131    1215,981967810013  0,0001442950805509 0,017289313533977 
12,40  1242,173982125278  26,369997301278    1215,803984824000  0,0032687341460033 0,017406842023179 
12,50  1242,173851458293  28,820407483980    1213,353443974313  0,0001648162204658 0,019024358417094 
12,60  1242,173827355369  33,395079909400    1208,778747445969  0,0001905148341702 0,022044100865578 
12,70  1242,173743270726  29,929343671601    1212,244399599126  0,0001709515386802 0,019756367480696 
AVDEVIATION 0,0001099193069373
12,80  1242,173823865519  31,990421414468    1210,183402451052  0,0001839287459478 0,021116885430610 
12,90  1242,173770290515  25,950809778822    1216,222960511694  0,0001483755404132 0,017130136231438 
13,00  1242,173867325241  24,715595426605    1217,458271898637  0,0001412928710926 0,016314770918800 
13,10  1242,173768128066  39,743291886899    1202,430476241167  0,0002270849325821 0,026234557230039 
13,20  1242,174031906201  26,757179864021    1215,416852042180  0,0019075356593600 0,017662421332756 
13,30  1242,173799060531  34,669427405969    1207,504371654562  0,0001973466531071 0,022885297976900 
13,40  1242,173812589715  28,665333766181    1213,508478823533  0,0001634896319056 0,018921994215959 
13,50  1242,173915746892  27,578141661405    1214,595774085487  0,0001575419320397 0,018204338427053 
13,60  1242,173886530210  27,425771058620    1214,748115471590  0,0001569429177512 0,018103758552836 
AVDEVIATION 0,0001139163668129
13,70  1242,173808994473  30,872615315281    1211,301193679191  0,0001765053205351 0,020379021336094 
13,80  1242,174095723652  23,179662559763    1218,994433163889  0,0001325790534857 0,015300901237060 
13,90  1242,173987629303  28,682516481983    1213,491471147321  0,0001646094161642 0,018933336531093 
14,00  1242,173921958574  28,858939109836    1213,314982848738  0,0001650034256341 0,019049793153264 
14,10  1242,173800415820  29,591134789269    1212,582665626551  0,0001690837794542 0,019533115710196 
14,20  1813,035478632501  385,135077680294   1427,900400952206  0,0022046960063162 0,254227764158357 
14,30  1813,033347634651  343,663630115059   1469,369717519592  0,0019424617688615 0,226852450919109 
14,40  1813,035085351692  308,432154081459   1504,602931270233  0,0017957502764903 0,203596144498077 
14,50  1813,031825727053  397,880457110138   1415,151368616914  0,0024242258903704 0,262640992408859 
AVDEVIATION 0,0001701381207584
14,60  1813,032213949576  307,280063256931   1505,752150692644  0,0178921793104072 0,202835649047517 
14,70  1813,033123011014  325,279097200343   1487,754025810671  0,0019001148483727 0,214716815998096 
14,80  1813,033462488605  270,469354803318   1542,564107685287  0,0012860019730351 0,178536890898524 
14,90  1813,034294678907  255,269288511010   1557,765006167898  0,0017182504790467 0,168503323216693 
15,00  1813,034101969015  265,022607246651   1548,011494722364  0,0010790900092020 0,174941491430870 
15,10  1813,034481779787  301,465028500653   1511,569453279134  0,0019200462531109 0,198997143104366 
15,20  1813,031437883707  337,566826568158   1475,464611315549  0,0020240223518449 0,222827949324559 
15,30  1813,033657841267  279,213341551705   1533,820316289562  0,0016635534308053 0,184308798807462 
15,40  1813,032202584834  329,336823685212   1483,695378899622  0,0017430460281825 0,217395322297828 
AVDEVIATION 0,0002565043408190
15,50  1813,033387036191  319,244244207064   1493,789142829127  0,0017006407928397 0,210733207979978 
15,60  1813,033181805627  356,342241381201   1456,690940424426  0,0017063818109636 0,235221605487522 
15,70  1813,033316109651  279,881471341942   1533,151844767709  0,0009676650441895 0,184749831454404 
15,80  1813,034101790330  298,741106923774   1514,292994866556  0,0015288866316917 0,197199081768578 
15,90  1813,033623347788  283,823526081798   1529,210097265990  0,0015008001749895 0,187351982805405 
16,00  1813,032262231215  375,144446120879   1437,887816110336  0,0025299508758104 0,247632945687970 
16,10  1813,034458169584  232,876014598655   1580,158443570929  0,0014459608641877 0,153721517328709 
16,20  1813,034377143065  278,058960400570   1534,975416742495  0,0018699847952336 0,183546791511718 
16,30  1813,031584972771  322,758929431515   1490,272655541256  0,0022764939518014 0,213053252603580 
AVDEVIATION 0,0003382252215543
16,40  1813,032925274980  335,980950928835   1477,051974346145  0,0016484347171154 0,221781112405817 
16,50  1813,031417252263  327,764025619393   1485,267391632870  0,0022307534134277 0,216357117888730 
16,60  1813,032719793809  331,951750630798   1481,080969163011  0,0023087596487156 0,219121436249374 
16,70  1813,032721234053  358,924416873396   1454,108304360657  0,0019103862925602 0,236926100196234 
16,80  1813,032099111014  391,062178005286   1421,969921105728  0,0026906135270017 0,258140244612334 
16,90  1813,032145031968  287,376914922544   1525,655230109424  0,0021972704515763 0,189697575696110 
17,00  1813,030886225393  406,179813448007   1406,851072777386  0,0016941000043163 0,268119399669081 
17,10  1813,031936451223  386,275840648474   1426,756095802749  0,0058334694270801 0,254980782088019 
17,20  1813,031479233046  317,874004091462   1495,157475141585  0,0200970026503568 0,209828712126088 
AVDEVIATION 0,0004286759721567
17,30  1813,032350528099  321,948035925276   1491,084314602823  0,0021860674975488 0,212517981590865 
17,40  1813,032940876381  292,081548320869   1520,951392555513  0,0019853286487603 0,192803105416344 
17,50  1813,031952069165  347,873581038633   1465,158371030532  0,0021616833000218 0,229631440610110 
17,60  1813,032370426208  276,911577479522   1536,120792946686  0,0011317619190644 0,182789403749459 
17,70  1813,031942872939  401,505541553184   1411,526401319756  0,0029230905518410 0,265033911585143 
17,80  1813,033214901977  284,157778675987   1528,875436225991  0,0016136372431743 0,187572623029080 
17,90  1813,032415007274  311,591958356917   1501,440456650357  0,0015735091028148 0,205681932115674 
18,00  1813,032949816450  304,431551149732   1508,601398666718  0,0018175285817076 0,200955345470514 
18,10  1813,032594854673  325,454217532188   1487,578377322486  0,0021048378820385 0,214832412974336 
AVDEVIATION 0,0005044920005447
18,20  1813,033857768461  265,058022475710   1547,975835292750  0,0016673084294311 0,174964869032711 
18,30  1813,030965048673  396,661008969371   1416,369956079302  0,0019576948938775 0,261836034376468 
18,40  1813,031227660844  350,992817048599   1462,038410612246  0,0017295025557093 0,231690449105187 
18,50  1813,033676861629  258,996654044295   1554,037022817334  0,0015295404863278 0,170963758167037 
18,60  1813,032148912055  260,292542382117   1552,739606529937  0,0016660899265366 0,171819174393229 
18,70  1813,032134096565  340,028176379000   1473,003957717566  0,0021570631872930 0,224452686969831 
18,80  1813,032463691110  359,656461249836   1453,376002441273  0,0012506881847100 0,237409322878021 
18,90  1813,032190599496  279,755752532186   1533,276438067309  0,0312314520214071 0,184666844435644 
19,00  1813,033041400370  283,421202587461   1529,611838812908  0,0015308677465393 0,187086408962976 
AVDEVIATION 0,0005576437457798
19,10  1813,032789778330  312,642559991387   1500,390229786943  0,0019869031509803 0,206375434525688 
19,20  1813,032081842533  277,943233232392   1535,088848610141  0,0660614137462877 0,183470399978141 
19,30  1813,032896352815  336,482930536185   1476,549965816630  0,0018997577879345 0,222112469274161 
19,40  1813,032387479506  249,911428816181   1563,120958663325  0,0011718796509425 0,164966598649576 
19,50  1813,032482653142  366,723211239636   1446,309271413506  0,0019030484429214 0,242074086369816 
19,60  1813,031864401538  353,770980716056   1459,260883685483  0,0383960846191125 0,233524315658963 
19,70  1813,032066240069  282,043824274682   1530,988241965387  0,0018459204004402 0,186177201183287 
19,80  1813,031333372227  348,241727462297   1464,789605909930  0,0025632784011418 0,229874454159369 
19,90  1813,031977799123  357,929394309082   1455,102583490041  0,0020917866663281 0,236269285544771 
AVDEVIATION 0,0006214065774823
20,00  1813,033349135896  226,557759145706   1586,475589990190  0,0013793790927944 0,149550835273833 
20,10  1813,032027759113  307,494344839422   1505,537682919691  0,0017348633264680 0,202977096375413 
20,20  1813,032489103941  283,172068864277   1529,860420239664  0,0012409492568390 0,186921955728015 
20,30  1813,031703404399  376,523359326855   1436,508344077544  0,0018076242021420 0,248543166651054 
20,40  1813,032587252130  283,658663034531   1529,373924217599  0,0019908481350628 0,187243156665362 
20,50  1813,032760030985  301,209855777386   1511,822904253600  0,0341891018486135 0,198828703523891 
20,60  1813,032926458625  308,427171370874   1504,605755087750  0,0019802169850273 0,203592855409534 
20,70  1813,032537971318  357,468135429577   1455,564402541741  0,0021186759356240 0,235964808439385 
20,80  1813,032604546555  300,234125429185   1512,798479117370  0,0023353903367066 0,198184623669263 
AVDEVIATION 0,0006709256834014
20,90  1813,033647345511  277,382143797546   1535,651503547965  0,0014461961399596 0,183100024697414 
21,00  1813,030062783770  326,504286288615   1486,525776495154  0,0021371352920782 0,215525563631417 
21,10  1813,031587193445  273,499805086995   1539,531782106451  0,0016872434756705 0,180537291912766 
21,20  1813,029859685669  325,890016264632   1487,139843421037  0,0013507015404678 0,215120083830077 
21,30  1813,031627999601  284,101488858786   1528,930139140814  0,0013660001291819 0,187535466106221 
21,40  1813,032058524480  260,371804625268   1552,660253899212  0,0012224934427761 0,171871495420386 
21,50  1813,032645868810  248,682064920345   1564,350580948465  0,0012648190418171 0,164155095224705 
21,60  1813,034520174326  310,639900011394   1502,394620162932  0,0019228899840962 0,205053478156122 
21,70  1813,031724840199  288,840674752718   1524,191050087481  0,0016248617655793 0,190663803937722 
AVDEVIATION 0,0007079801564274
21,80  1813,030937432846  342,695518978289   1470,335418454557  0,0021812129273544 0,226213400507913 
21,90  1813,032196931596  318,023413781979   1495,008783149617  0,0015023898129689 0,209927337501352 
22,00  1813,031537248659  375,570954984295   1437,460582264364  0,0027621039383875 0,247914484298769 
22,10  1813,031861517255  341,170487027709   1471,861374489546  0,0014948638935207 0,225206726523810 
22,20  1813,031731751889  265,429439992128   1547,602291759761  0,0013565024520975 0,175210041831140 
22,30  1813,030416243794  378,057081856945   1434,973334386849  0,0021359665325039 0,249555577288934 
22,40  1813,032137869970  311,187927158685   1501,844210711285  0,0020757912439584 0,205415231017463 
22,50  1813,032401481007  307,087269325029   1505,945132155978  0,0016131052150949 0,202708385723319 
22,60  1813,029614361890  309,482055658008   1503,547558703882  0,0020906600467346 0,204289184799677 
AVDEVIATION 0,0007562178599429
22,70  1813,031341780537  348,682962366946   1464,348379413591  0,0017333270292877 0,230165713433785 
22,80  1813,029705679218  327,844664809926   1485,185040869292  0,0020260979826657 0,216410347839210 
22,90  1813,031310173033  345,937606840167   1467,093703332866  0,0023420989922860 0,228353503542138 
23,00  1813,032510803221  322,720307953692   1490,312202849529  0,0016210328825681 0,213027758556103 
23,10  1813,031081558855  374,523767810716   1438,507313748139  0,0020764619778346 0,247223235775269 
23,20  1813,030437972703  326,948060019216   1486,082377953487  0,0019596591954467 0,215818498785499 
23,30  1813,031767556168  295,227671804271   1517,804095751897  0,0020154764190677 0,194879862339575 
23,40  1813,032307885747  241,454080667742   1571,578227218005  0,0013473307448788 0,159383900954427 
23,50  1813,031845054373  326,464977093699   1486,566867960674  0,0018171723785366 0,215499615621709 
AVDEVIATION 0,0007995500467857
23,60  1813,031009480549  360,290042571302   1452,740966909247  0,0015878310751974 0,237827550071812 
23,70  1813,032622464012  257,448441788122   1555,584180675890  0,0015633288413690 0,169941782857231 
23,80  1813,031182302192  357,289722206789   1455,741460095403  0,0019048597611814 0,235847037824984 
23,90  1813,031812870752  340,191416721776   1472,840396148976  0,0015436964483379 0,224560441962221 
24,00  1813,033012698999  271,439947384130   1541,593065314868  0,0015134739281089 0,179177579311573 
24,10  1813,031472243246  354,349486800591   1458,681985442654  0,0019625056579907 0,233906187674644 
24,20  1813,030899663116  419,525805792829   1393,505093870287  0,0029111264163231 0,276929092659745 
24,30  1813,031878367182  320,513940818032   1492,517937549150  0,0021005053070608 0,211571335040515 
24,40  1813,032685656449  324,460230343141   1488,572455313308  0,0024740178614273 0,214176281774354 
AVDEVIATION 0,0008422246041809
24,50  1813,031655349905  289,434949639746   1523,596705710160  0,0022766946061743 0,191056084943997 
24,60  1813,033064834891  283,210406195680   1529,822658639211  0,0020008774528634 0,186947262210367 
24,70  1813,032398757763  366,161021211789   1446,871377545974  0,0022201311777099 0,241702984587366 
24,80  1813,032743657584  384,041489236171   1428,991254421413  0,0023942332039072 0,253505886144198 
24,90  1813,033219808476  248,381368413303   1564,651851395173  0,0012132081995183 0,163956605382814 
25,00  1813,032126214441  315,350486941933   1497,681639272508  0,0019971655805519 0,208162937804507 
25,10  1813,033445616192  294,794770081076   1518,238675535117  0,0012614322048158 0,194594103800386 
25,20  1813,032778395469  326,112182159029   1486,920596236440  0,0015888713427845 0,215266735594297 
25,30  1813,032870958976  317,867824171475   1495,165046787501  0,0023526626966924 0,209824632759309 
AVDEVIATION 0,0008807360232642
25,40  1813,031513923371  365,330114021166   1447,701399902205  0,0020147566069349 0,241154502536425 
25,50  1813,031611122578  304,016200196896   1509,015410925682  0,0021831223736550 0,200681172199369 
25,60  1813,032021756876  267,110680010849   1545,921341746028  0,0016237488686299 0,176319828801330 
25,70  1813,032935411838  339,110322400574   1473,922613011264  0,0022418128449074 0,223846811321826 
25,80  1813,032533089778  305,393621738935   1507,638911350843  0,0014089639507226 0,201590408514704 
25,90  1813,033243650456  262,536184249999   1550,497059400457  0,0020830062851048 0,173300202969174 
26,00  1813,034028831844  283,840463676906   1529,193565154938  0,0013685469553321 0,187363163316306 
26,10  1813,033218581898  301,419413448801   1511,613805133098  0,0014281177808741 0,198967032596867 
26,20  2619,274833611630  815,707967881243   1803,566865730387  0,0041193529693480 0,538449040086530 
AVDEVIATION 0,0009209983450149
26,30  2619,279305678023  657,859967238138   1961,419338439886  0,0035879310433160 0,434253534130369 
26,40  2619,265093651389  921,060784899428   1698,204308751961  0,0056548946702424 0,607992461785841 
26,50  2619,276013574271  682,510203526052   1936,765810048219  0,0038948762092696 0,450525161464854 
26,60  2619,271984875321  708,655470652856   1910,616514222465  0,0045089197136605 0,467783659041873 
26,70  2619,273738808944  804,218760964228   1815,054977844716  0,0044977780562669 0,530865011635893 
26,80  2619,271379365954  846,691071504745   1772,580307861210  0,0038255212573862 0,558900994783391 
26,90  2619,274730569628  813,387571753159   1805,887158816469  0,0038833092885686 0,536917346003619 
27,00  2619,268385369715  798,852222137666   1820,416163232050  0,0046910805030122 0,527322557971679 
27,10  2619,272690529182  801,148098200109   1818,124592329073  0,0058671425936949 0,528838066352934 
AVDEVIATION 0,0010398107599153
27,20  2619,273098442322  698,298118345462   1920,974980096861  0,0038286568176228 0,460946768111115 
27,30  2619,273437766802  871,460872097934   1747,812565668868  0,0957812085088195 0,575251546546641 
27,40  2619,268442425871  827,668447154576   1791,599995271296  0,0035207856756964 0,546344155541180 
27,50  2619,265234328681  920,854409632539   1698,410824696142  0,0051937673577241 0,607856233418914 
27,60  2619,269555886283  810,403347588561   1808,866208297722  0,0041024877253748 0,534947458862508 
27,70  2619,265640610166  945,398770796065   1673,866869814101  0,0058430697909851 0,624057972556470 
27,80  2619,272242009474  813,427344081153   1805,844897928321  0,0042911741936099 0,536943599727590 
27,90  2619,272524787834  818,150758377542   1801,121766410293  0,0038809081030408 0,540061526723483 
28,00  2619,268997735735  786,442186446527   1832,826811289208  0,0039043816893595 0,519130690209630 
AVDEVIATION 0,0011522104697886
28,10  2619,272169883776  814,088825421300   1805,183344462476  0,0034068944379921 0,537380243730912 
28,20  2619,276713597068  684,159683059233   1935,117030537834  0,1245787831699053 0,451613983330344 
28,30  2619,270233717744  893,955871441252   1725,314362276492  0,0062636863156858 0,590100501417853 
28,40  2619,272616217877  772,621484878535   1846,651131339342  0,0040524804685845 0,510007641538256 
28,50  2619,268816258065  712,272807068219   1906,996009189846  0,0051706054471125 0,470171463743084 
28,60  2619,263194171804  855,055062010809   1764,208132160994  0,0058464478095658 0,564422067074718 
28,70  2619,270102964157  838,264946204473   1781,005156759684  0,0045457448996416 0,553338907298375 
28,80  2619,268233432838  862,963954409104   1756,304279023734  0,0049187500173743 0,569642728987670 
28,90  2619,271731887966  786,287075907267   1832,984655980699  0,0039774561779936 0,519028301702639 
AVDEVIATION 0,0012650115048351
29,00  2619,271077891997  803,860212991974   1815,410864900023  0,0047523255412638 0,530628334026888 
29,10  2619,278178262701  840,182532220926   1779,095646041775  0,0050130193102800 0,554604706322656 
29,20  2619,268077573908  691,163494538164   1928,104583035744  0,0034126965393245 0,456237201094874 
29,30  2619,266388630261  744,695180204924   1874,571208425337  0,0041783402876468 0,491573480617005 
29,40  2619,270860246348  888,605823073605   1730,665037172743  0,0056008156790088 0,586568933109824 
29,50  2619,266771033627  847,856105614606   1771,410665419022  0,0051495103810401 0,559670034099940 
29,60  2619,274828662115  749,845595196255   1869,429233465860  0,0044675933644256 0,494973270881813 
29,70  2619,272740964606  655,799022573033   1963,473718391573  0,0042549403501442 0,432893104025120 
29,80  2619,267419176071  848,902570906623   1770,364848269448  0,0038407394119231 0,560360806109234 
AVDEVIATION 0,0013635950750328
29,90  2619,268493295013  883,782324218222   1735,486169076791  0,0036604593924084 0,583384940270713 
30,00  2619,265570239445  944,207118060790   1675,058452178655  0,0055956576159889 0,623271362278417 
30,10  2619,266398857346  902,687590686241   1716,578808171105  0,0066705138749435 0,595864311544633 
30,20  2619,271095696355  673,764592092370   1945,506503603985  0,0042167414494840 0,444752181100732 
30,30  2619,270090961878  838,898750328949   1780,371340632929  0,0037066631824832 0,553757281564491 
30,40  2619,268883434303  717,735283968205   1901,533599466098  0,0037686669576175 0,473777246154322 
30,50  2619,271496061277  765,469676971513   1853,801819089763  0,0054210836355869 0,505286731293354 
30,60  2619,267093314413  825,715994287699   1793,551099026714  0,0676294181853411 0,545055340899937 
30,70  2619,267900718174  870,700981108437   1748,566919609737  0,0044530943401424 0,574749942308389 
AVDEVIATION 0,0014640408654051
30,80  2619,270102786955  858,624220961228   1760,645881825727  0,0041311549654201 0,566778069818887 
30,90  2619,268891386034  702,421639835986   1916,847251550048  0,0037172101575481 0,463668705711058 
31,00  2619,262770065556  773,044213606865   1846,218556458691  0,0047389732688751 0,510286684880910 
31,10  2619,264637185761  962,349755666913   1656,914881518848  0,0048413827913430 0,635247322043808 
31,20  2619,269546911260  603,592186695909   2015,677360215350  0,0030809081409436 0,398431358190997 
31,30  2619,260821899904  918,503552951504   1700,757268948401  0,0034662307740071 0,606304432317139 
31,40  2619,261015189390  947,362904619689   1671,898110569701  0,0057039979140184 0,625354497800276 
31,50  2619,271509084068  585,280545676480   2033,990963407588  0,0040449047549645 0,386343839228872 
31,60  2619,267612378771  858,880765166530   1760,386847212240  0,0054314540476833 0,566947414715007 
AVDEVIATION 0,0015458868091024
31,70  2619,265960196304  802,940606841646   1816,325353354659  0,0051521785666218 0,530021301769757 
31,80  2619,271212375863  784,628085113106   1834,643127262757  0,0047342183169140 0,517933201451322 
31,90  2619,265215867702  826,056423457272   1793,208792410431  0,0050311318025022 0,545280058282618 
32,00  2619,267651021970  860,060134561539   1759,207516460431  0,0039669556304898 0,567725916756981 
32,10  2619,270815110915  782,183738262655   1837,087076848259  0,0049044694157837 0,516319687464591 
32,20  2619,266801241129  768,514702409864   1850,752098831265  0,0050655284682095 0,507296753370958 
32,30  2619,270292714360  844,422497710599   1774,847795003761  0,0054586729233082 0,557403508636485 
32,40  2619,271912566718  721,708005787952   1897,563906778766  0,0042261366552570 0,476399640852672 
32,50  2619,270964065797  970,940930069952   1648,330033995845  0,0058063428630697 0,640918358484150 
AVDEVIATION 0,0016397775761914
32,60  2619,271763658663  729,350705583549   1889,921058075114  0,0045831182708481 0,481444588959894 
32,70  2619,269675866373  913,959580817822   1705,310095048551  0,0066203763559194 0,603304955139154 
32,80  2619,272247486597  867,635966822576   1751,636280664021  0,0041257359964294 0,572726725587385 
32,90  2619,271109337671  905,285410711603   1713,985698626068  0,0073798305037481 0,597579133213725 
33,00  2619,264095559586  809,888913793226   1809,375181766361  0,0044332763446811 0,534607880981461 
33,10  2619,269261302453  908,397401022145   1710,871860280308  0,0051346306337790 0,599633358820743 
33,20  2619,272641372199  830,194544990688   1789,078096381512  0,0041406918671211 0,548011633374641 
33,30  2619,270468768099  803,833589179995   1815,436879588104  0,0052319702264277 0,530610759641730 
33,40  2619,267246228463  902,283403410670   1716,983842817792  0,0057729849780104 0,595597507419731 
AVDEVIATION 0,0017378036154325
33,50  2619,272896827453  659,128123957652   1960,144772869801  0,0039270421648090 0,435090644708160 
33,60  2619,270169133358  798,135826509722   1821,134342623636  0,0043885598689885 0,526849665032812 
33,70  2619,273197874430  735,141433886627   1884,131763987803  0,0031480166951173 0,485267050207015 
