t,s E,J                KE,J               PE,J              
0.25 1,5812816873583995 1,5805677868021115 0,0007139005562882
0.5 1,5812817021062975 1,5809760727553288 0,0003056293509687
0.75 1,5812817022162780 1,5810204584575596 0,0002612437587183
1.0 1,5812817021995969 1,5810725295702353 0,0002091726293617
1.25 1,5812817021868355 1,5811247900399510 0,0001569121468845
1.5 1,5812817021843066 1,5811679850537110 0,0001137171305956
1.75 1,5812817021871257 1,5811998502825417 0,0000818519045841
2.0 1,5812817021908823 1,5812221621371060 0,0000595400537762
2.25 1,5812817021938130 1,5812376203456510 0,0000440818481619
2.5 1,5812817021958931 1,5812484102126791 0,0000332919832141
2.75 1,5812817021970247 1,5812559502615857 0,0000257519354390
3.0 1,5812817021976650 1,5812610825202336 0,0000206196774317
3.25 1,5812817021982235 1,5812642955519622 0,0000174066462611
3.5 1,5812817021983712 1,5812658613935315 0,0000158408048397
3.75 1,5812817021983931 1,5812658922967620 0,0000158099016311
4.0 1,5812817021977235 1,5812643291814654 0,0000173730162578
4.25 1,5812817021962282 1,5812607983911720 0,0000209038050565
